<Frame>: RootNode
	<TransformMatrix>:  1.000000 0.000000 -0.000000 0.000000 -0.000000 1.000000 -0.000000 0.000000 0.000000 0.000000 1.000000 0.000000 0.000000 0.000000 -0.000000 1.000000
	<Children>: 1
		<Frame>: Box001
			<TransformMatrix>:  1.000000 0.000000 -0.000000 0.000000 0.000000 0.000000 1.000000 0.000000 0.000000 -1.000000 0.000000 0.000000 0.000000 0.000000 0.000000 1.000000
			<Mesh>: 20 Box001
				<Positions>: -29.410667 -34.999996 -0.612961 29.676826 -34.999996 -0.612961 -29.410667 -35.000004 -29.929449 29.676826 -35.000004 -29.929449 -29.410667 34.421021 -0.612972 29.676826 34.421021 -0.612972 -29.410667 34.421021 -29.929461 29.676826 34.421021 -29.929461 -29.460958 -35.000004 -29.629103 -20.147478 -35.000004 -36.076977 -9.443032 -35.000004 -39.507824 9.878240 -35.000004 -39.507828 19.960354 -35.000004 -36.076992 29.441654 -35.000004 -29.629122 -29.460958 33.859657 -29.629114 -20.147478 33.859657 -36.076988 -9.443032 33.859650 -39.507835 9.878240 33.859650 -39.507839 19.960354 33.859657 -36.077003 29.441654 33.859657 -29.629133
				<Normals>: -1.000000 0.000000 -0.000000 1.000000 0.000000 -0.000000 -1.000000 0.000000 -0.000000 0.000000 -0.000000 -1.000000 -1.000000 0.000000 -0.000000 1.000000 0.000000 -0.000000 -1.000000 0.000000 -0.000000 0.000000 -0.000000 -1.000000 0.000000 -1.000000 -0.000000 0.000000 -1.000000 -0.000000 0.000000 -1.000000 -0.000000 0.000000 -1.000000 -0.000000 0.000000 -1.000000 -0.000000 0.000000 -1.000000 -0.000000 0.000000 1.000000 -0.000000 0.000000 1.000000 -0.000000 -0.000000 1.000000 -0.000002 0.000000 1.000000 -0.000001 -0.000002 1.000000 0.000002 -0.000000 1.000000 -0.000000
				<TextureCoords>: 0.185989 0.834433 0.186824 0.494508 0.185989 0.988253 0.193052 0.325369 0.557673 0.834433 0.558509 0.494508 0.557673 0.988253 0.564737 0.325369 0.954707 0.872887 0.900814 0.910198 0.838873 0.930050 0.727071 0.930050 0.668731 0.910197 0.613868 0.872887 0.961609 0.421363 0.907717 0.384052 0.845776 0.364200 0.733974 0.364200 0.675633 0.384052 0.620770 0.421363
				<Binormals>: 0.000000 0.000000 1.000000 0.000000 -0.000000 -1.000000 0.000000 0.000000 1.000000 -1.000000 0.000000 -0.000000 0.000000 0.000000 1.000000 0.000000 -0.000000 -1.000000 0.000000 0.000000 1.000000 -1.000000 0.000000 -0.000000 0.000002 0.000000 1.000000 0.000004 0.000000 1.000000 0.000002 0.000000 1.000000 0.000000 0.000000 1.000000 0.000000 0.000000 1.000000 0.000000 0.000000 1.000000 -0.000000 0.000000 -1.000000 -0.000000 -0.000000 -1.000000 -0.000000 -0.000002 -1.000000 -0.000007 -0.000001 -1.000000 -0.000021 0.000002 -1.000000 -0.000007 -0.000000 -1.000000
				<Tangents>: 0.000000 1.000000 -0.000000 -0.000000 1.000000 -0.000000 0.000000 1.000000 -0.000000 0.000000 1.000000 -0.000000 0.000000 1.000000 -0.000000 -0.000000 1.000000 -0.000000 0.000000 1.000000 -0.000000 0.000000 1.000000 -0.000000 -1.000000 0.000000 0.000002 -1.000000 0.000000 0.000004 -1.000000 0.000000 0.000002 -1.000000 0.000000 0.000000 -1.000000 0.000000 0.000000 -1.000000 0.000000 0.000000 -1.000000 0.000000 0.000000 -1.000000 0.000000 0.000000 -1.000000 -0.000000 0.000000 -1.000000 0.000000 0.000007 -1.000000 -0.000002 0.000021 -1.000000 -0.000000 0.000007
				<SubMeshes>: 1
					<SubMesh>: 0 90 0 3 1 3 0 2 4 7 6 7 4 5 0 5 4 5 0 1 1 7 5 7 1 3 3 6 7 6 3 2 2 4 6 4 2 0 8 15 9 15 8 14 9 16 10 16 9 15 10 17 11 17 10 16 11 18 12 18 11 17 12 19 13 19 12 18 15 17 16 17 19 18 15 19 17 14 19 15 12 10 11 10 8 9 12 8 10 13 8 12
			</Mesh>
			<Materials>: 1
				<Material>: 0
					<AmbientColor>: 0.588235 0.588235 0.588235 1.000000
					<DiffuseColor>: 0.588235 0.588235 0.588235 1.000000
					<EmissiveColor>: 0.000000 0.000000 0.000000 1.000000
					<ReflectionColor>: 0.000000 0.000000 0.000000 1.000000
					<SpecularColor>: 0.900000 0.900000 0.900000 1.000000
					<ReflectionFactor>: 1.000000
					<Shininess>: 2.000000
					<SpecularFactor>: 0.000000
					<Transparency>: 0.000000
					<DiffuseMap>: Hangar
					<NormalMap>: Hangar_NormalsMap
					<SpecularFactorMap>: Hangar_SpecularMap
					<SpecularMap>: null
				</Material>
			<Children>: 0
		</Frame>
</Frame>
