<Frame>: RootNode
	<TransformMatrix>:  1.000000 0.000000 -0.000000 0.000000 -0.000000 1.000000 -0.000000 0.000000 0.000000 0.000000 1.000000 0.000000 0.000000 0.000000 -0.000000 1.000000
	<Children>: 1
		<Frame>: Sphere001
			<TransformMatrix>:  1.000000 0.000000 -0.000000 0.000000 0.000000 0.000000 1.000000 0.000000 0.000000 -1.000000 0.000000 0.000000 0.000000 0.000000 -0.000000 1.000000
			<Mesh>: 26 Sphere001
				<Positions>: 0.000000 -1.087345 0.000000 -0.000000 -0.455160 -0.302136 -0.213642 -0.455160 -0.213642 -0.302136 -0.455160 0.000000 -0.213642 -0.455160 0.213642 0.000000 -0.455160 0.302136 0.213642 -0.455160 0.213642 0.302136 -0.455160 0.000000 0.213642 -0.455160 -0.213642 -0.000000 0.314226 -0.427285 -0.302136 0.314226 -0.302136 -0.427284 0.314226 -0.000000 -0.302136 0.314226 0.302136 0.000000 0.314226 0.427284 0.302136 0.314226 0.302136 0.427284 0.314226 0.000000 0.302136 0.314226 -0.302136 -0.000000 0.616361 -0.302136 -0.213642 0.616361 -0.213642 -0.302136 0.616362 -0.000000 -0.213642 0.616362 0.213642 0.000000 0.616362 0.302136 0.213642 0.616362 0.213642 0.302136 0.616362 -0.000000 0.213642 0.616361 -0.213642 0.000000 0.741510 -0.000000
				<Normals>: -0.000000 -1.000000 0.000001 0.000000 -0.289467 -0.957188 -0.676834 -0.289467 -0.676834 -0.957188 -0.289467 0.000000 -0.676834 -0.289467 0.676834 -0.000000 -0.289467 0.957188 0.676834 -0.289467 0.676834 0.957188 -0.289467 0.000000 0.676834 -0.289467 -0.676834 0.000000 0.108496 -0.994097 -0.702933 0.108496 -0.702933 -0.994097 0.108496 0.000000 -0.702933 0.108496 0.702933 0.000000 0.108496 0.994097 0.702933 0.108496 0.702933 0.994097 0.108496 0.000000 0.702933 0.108496 -0.702932 0.000000 0.663004 -0.748616 -0.529351 0.663004 -0.529352 -0.748616 0.663004 -0.000000 -0.529351 0.663004 0.529351 -0.000000 0.663004 0.748616 0.529351 0.663004 0.529351 0.748616 0.663004 -0.000000 0.529352 0.663004 -0.529351 0.000000 1.000000 -0.000001
				<TextureCoords>: 0.875000 0.000000 1.000000 0.250000 0.125000 0.250000 0.250000 0.250000 0.375000 0.250000 0.500000 0.250000 0.625000 0.250000 0.750000 0.250000 0.875000 0.250000 1.000000 0.500000 0.125000 0.500000 0.250000 0.500000 0.375000 0.500000 0.500000 0.500000 0.625000 0.500000 0.750000 0.500000 0.875000 0.500000 1.000000 0.750000 0.125000 0.750000 0.250000 0.750000 0.375000 0.750000 0.500000 0.750000 0.625000 0.750000 0.750000 0.750000 0.875000 0.750000 0.875000 1.000000
				<Binormals>: -0.382684 0.000001 0.923879 -0.119049 -0.950381 0.287409 0.204684 -0.957188 0.204684 0.289467 -0.957188 0.000000 0.204684 -0.957188 -0.204684 0.000000 -0.957188 -0.289467 -0.204684 -0.957188 -0.204684 -0.289467 -0.957188 0.000000 -0.204684 -0.957188 0.204684 0.044895 -0.993095 -0.108387 -0.076719 -0.994097 -0.076718 -0.108496 -0.994097 0.000000 -0.076718 -0.994097 0.076719 0.000000 -0.994097 0.108496 0.076718 -0.994097 0.076719 0.108496 -0.994097 0.000000 0.076718 -0.994097 -0.076718 0.264821 -0.721889 -0.639333 -0.468815 -0.748616 -0.468814 -0.663004 -0.748616 0.000001 -0.468815 -0.748615 0.468815 0.000000 -0.748616 0.663004 0.468815 -0.748615 0.468815 0.663004 -0.748616 0.000001 0.468815 -0.748616 -0.468814 0.382684 -0.000001 -0.923879
				<Tangents>: -0.923879 -0.000000 -0.382684 -0.992888 0.113952 -0.034461 -0.707107 -0.000000 0.707107 0.000000 0.000000 1.000000 0.707107 0.000001 0.707107 1.000000 0.000000 0.000000 0.707107 -0.000001 -0.707107 0.000000 -0.000000 -1.000000 -0.707107 0.000000 -0.707107 -0.998992 -0.044630 -0.004871 -0.707107 0.000000 0.707107 0.000000 0.000000 1.000000 0.707107 0.000000 0.707107 1.000000 0.000000 -0.000000 0.707107 -0.000000 -0.707107 0.000000 -0.000000 -1.000000 -0.707107 -0.000000 -0.707107 -0.964298 -0.198249 -0.175577 -0.707107 0.000000 0.707107 0.000000 0.000001 1.000000 0.707107 0.000000 0.707107 1.000000 0.000000 -0.000000 0.707107 -0.000000 -0.707107 0.000000 -0.000001 -1.000000 -0.707107 -0.000000 -0.707107 -0.923879 -0.000000 -0.382684
				<SubMeshes>: 1
					<SubMesh>: 0 144 0 2 1 0 3 2 0 4 3 0 5 4 0 6 5 0 7 6 0 8 7 0 1 8 9 1 2 2 10 9 2 11 10 2 3 11 11 3 4 4 12 11 4 5 13 13 12 4 13 5 6 6 14 13 6 7 15 15 14 6 8 16 15 15 7 8 8 9 16 9 8 1 17 9 18 18 9 10 18 10 11 11 19 18 11 20 19 11 12 20 13 21 20 20 12 13 13 14 22 22 21 13 15 23 22 22 14 15 16 24 15 24 23 15 9 17 24 24 16 9 25 17 18 25 18 19 25 19 20 25 20 21 25 21 22 25 22 23 25 23 24 25 24 17
			</Mesh>
			<Materials>: 1
				<Material>: 0
					<AmbientColor>: 0.588235 0.588235 0.588235 1.000000
					<DiffuseColor>: 0.588235 0.588235 0.588235 1.000000
					<EmissiveColor>: 0.000000 0.000000 0.000000 1.000000
					<ReflectionColor>: 0.000000 0.000000 0.000000 1.000000
					<SpecularColor>: 0.900000 0.900000 0.900000 1.000000
					<ReflectionFactor>: 1.000000
					<Shininess>: 2.000000
					<SpecularFactor>: 0.000000
					<Transparency>: 0.000000
					<DiffuseMap>: bullet
					<NormalMap>: Bullet_NormalsMap
					<SpecularFactorMap>: Bullet_SpecularMap
					<SpecularMap>: null
				</Material>
			<Children>: 0
		</Frame>
</Frame>
