<Frame>: Box001
	<TransformMatrix>:  1.000000 0.000000 -0.000000 0.000000 0.000000 1.000000 0.000000 0.000000 0.000000 0.000000 1.000000 0.000000 0.000000 0.000000 0.000000 1.000000
	<Mesh>: 20 Box001
		<Bounds>: 0.107934 -0.289492 20.060400 29.568892 34.710512 19.447439
		<Positions>: -29.410667 -34.999996 0.612961 29.676826 -34.999996 0.612961 -29.410667 -35.000004 29.929449 29.676826 -35.000004 29.929449 -29.410667 34.421021 0.612972 29.676826 34.421021 0.612972 -29.410667 34.421021 29.929461 29.676826 34.421021 29.929461 -29.460958 -35.000004 29.629103 -20.147478 -35.000004 36.076977 -9.443032 -35.000004 39.507824 9.878240 -35.000004 39.507828 19.960354 -35.000004 36.076992 29.441654 -35.000004 29.629122 -29.460958 33.859657 29.629114 -20.147478 33.859657 36.076988 -9.443032 33.859650 39.507835 9.878240 33.859650 39.507839 19.960354 33.859657 36.077003 29.441654 33.859657 29.629133
		<Normals>: -0.500000 -0.093750 -0.375000 0.750000 -0.062500 -0.125000 -0.750000 -0.062500 0.125000 0.125000 -0.093750 0.750000 -0.750000 0.093750 -0.125000 0.500000 0.062500 -0.375000 -0.500000 0.062500 0.375000 0.375000 0.093750 0.500000 -0.053364 -0.875000 0.077080 -0.193387 -0.500000 0.392438 -0.016894 -0.875000 0.108062 0.071428 -0.500000 0.431630 0.048812 -0.875000 0.097879 0.140586 -0.500000 0.206726 -0.142304 0.500000 0.205547 -0.048347 0.875000 0.098110 -0.067576 0.500000 0.432251 0.017857 0.875000 0.107908 0.195248 0.500000 0.391514 0.052720 0.875000 0.077522
		<TextureCoords>: 0.177597 0.787048 0.173674 0.498326 0.164523 0.826037 0.169492 0.319441 0.557232 0.761527 0.533621 0.522014 0.527250 0.563585 0.546765 0.352564 0.891861 0.873524 0.742719 0.883924 0.814206 0.921000 0.738174 0.893067 0.685746 0.903401 0.553478 0.895250 0.631453 0.570396 0.867330 0.399671 0.743656 0.436601 0.735473 0.382169 0.740242 0.445613 0.635628 0.440889
		<Binormals>: 0.468750 0.000000 -0.500000 0.187500 -0.000000 0.750000 -0.062500 0.000000 -0.750000 -0.656250 0.000000 0.125000 0.031250 0.000000 -0.750000 0.312500 -0.000000 0.500000 -0.437500 0.000000 -0.500000 -0.593750 0.000000 0.375000 0.000001 0.093750 -0.875000 0.000002 0.437500 -0.500000 0.000001 0.109375 -0.875000 0.000000 0.437500 -0.500000 0.000000 0.109375 -0.875000 0.000000 0.250000 -0.500000 -0.000000 0.250000 0.500000 -0.000000 0.109375 0.875000 -0.000000 0.437499 0.500000 -0.000006 0.109374 0.875000 -0.000010 0.437501 0.500000 -0.000006 0.093750 0.875000
		<Tangents>: -0.000000 0.875000 -0.093750 0.000000 0.875000 -0.062500 -0.000000 0.875000 -0.062500 0.000000 0.875000 -0.093750 0.000000 0.875000 -0.093750 0.000000 0.875000 -0.062500 0.000000 0.875000 -0.062500 0.000000 0.875000 -0.093750 -0.797920 -0.000000 0.053363 -0.107562 0.000000 0.193385 -0.766938 0.000000 0.016893 -0.068370 0.000000 -0.071428 -0.777121 -0.000000 -0.048813 -0.293274 0.000000 -0.140586 -0.294453 0.000000 0.142304 -0.776890 -0.000000 0.048346 -0.067750 0.000000 0.067576 -0.767093 0.000000 -0.017863 -0.108485 -0.000001 -0.195259 -0.797478 -0.000000 -0.052726
		<SubMeshes>: 1
			<SubMesh>: 0 90 0 1 3 3 2 0 4 6 7 7 5 4 0 4 5 5 1 0 1 5 7 7 3 1 3 7 6 6 2 3 2 6 4 4 0 2 8 9 15 15 14 8 9 10 16 16 15 9 10 11 17 17 16 10 11 12 18 18 17 11 12 13 19 19 18 12 15 16 17 17 18 19 15 17 19 14 15 19 12 11 10 10 9 8 12 10 8 13 12 8
	</Mesh>
	<Materials>: 1
		<Material>: 0
			<AmbientColor>: 0.588235 0.588235 0.588235 1.000000
			<DiffuseColor>: 0.588235 0.588235 0.588235 1.000000
			<EmissiveColor>: 0.000000 0.000000 0.000000 1.000000
			<ReflectionColor>: 0.000000 0.000000 0.000000 1.000000
			<SpecularColor>: 0.900000 0.900000 0.900000 1.000000
			<ReflectionFactor>: 1.000000
			<Shininess>: 2.000000
			<SpecularFactor>: 0.000000
			<Transparency>: 0.000000
			<DiffuseMap>: Hangar
			<NormalMap>: Hangar_NormalsMap
			<SpecularFactorMap>: Hangar_SpecularMap
			<SpecularMap>: null
		</Material>
	<Children>: 0
</Frame>
