<Frame>: RootNode
	<TransformMatrix>:  1.000000 0.000000 0.000000 0.000000 0.000000 1.000000 0.000000 0.000000 0.000000 0.000000 1.000000 0.000000 0.000000 0.000000 0.000000 1.000000
	<Children>: 1
		<Frame>: Sphere001
			<TransformMatrix>:  1.000000 0.000000 0.000000 0.000000 0.000000 0.000000 -1.000000 0.000000 0.000000 1.000000 0.000000 0.000000 0.000000 0.000000 0.000000 1.000000
			<Mesh>: 26 Sphere001
				<Bounds>: 0.000000 0.000000 0.622196 1.537468 1.537468 3.290320
				<Positions>: 0.000000 -0.000000 3.912516 -0.000000 1.087154 1.637770 -0.768734 0.768734 1.637770 -1.087154 -0.000000 1.637771 -0.768734 -0.768734 1.637770 0.000000 -1.087154 1.637770 0.768734 -0.768734 1.637770 1.087154 -0.000001 1.637771 0.768734 0.768733 1.637770 -0.000000 1.537468 -1.130656 -1.087154 1.087154 -1.130657 -1.537468 -0.000000 -1.130657 -1.087154 -1.087154 -1.130657 0.000000 -1.537468 -1.130657 1.087154 -1.087154 -1.130657 1.537468 -0.000000 -1.130657 1.087154 1.087153 -1.130657 -0.000000 1.087154 -2.217810 -0.768734 0.768734 -2.217810 -1.087154 0.000000 -2.217811 -0.768734 -0.768734 -2.217811 0.000000 -1.087154 -2.217811 0.768734 -0.768734 -2.217811 1.087154 -0.000000 -2.217811 0.768734 0.768734 -2.217810 0.000000 0.000000 -2.668124
				<Normals>: -0.000000 0.000000 1.000000 0.000000 0.957188 0.289467 -0.676834 0.676834 0.289467 -0.957188 -0.000000 0.289467 -0.676834 -0.676834 0.289467 0.000000 -0.957188 0.289467 0.676834 -0.676834 0.289467 0.957188 -0.000000 0.289467 0.676834 0.676834 0.289467 0.000000 0.994097 -0.108496 -0.702933 0.702933 -0.108496 -0.994097 -0.000000 -0.108496 -0.702933 -0.702933 -0.108496 0.000000 -0.994097 -0.108496 0.702933 -0.702933 -0.108496 0.994097 -0.000000 -0.108496 0.702933 0.702932 -0.108496 0.000000 0.748616 -0.663004 -0.529351 0.529351 -0.663004 -0.748616 0.000000 -0.663004 -0.529351 -0.529351 -0.663004 -0.000000 -0.748616 -0.663004 0.529351 -0.529351 -0.663004 0.748616 -0.000000 -0.663004 0.529351 0.529351 -0.663004 0.000000 0.000000 -1.000000
				<TextureCoords>: 0.875000 0.000000 1.000000 0.250000 0.125000 0.250000 0.250000 0.250000 0.375000 0.250000 0.500000 0.250000 0.625000 0.250000 0.750000 0.250000 0.875000 0.250000 1.000000 0.500000 0.125000 0.500000 0.250000 0.500000 0.375000 0.500000 0.500000 0.500000 0.625000 0.500000 0.750000 0.500000 0.875000 0.500000 1.000000 0.750000 0.125000 0.750000 0.250000 0.750000 0.375000 0.750000 0.500000 0.750000 0.625000 0.750000 0.750000 0.750000 0.875000 0.750000 0.875000 1.000000
				<Binormals>: -0.382684 -0.923879 0.000000 -0.119049 -0.287408 0.950381 0.204684 -0.204684 0.957188 0.289467 0.000000 0.957188 0.204684 0.204684 0.957188 0.000000 0.289467 0.957188 -0.204684 0.204684 0.957188 -0.289467 0.000000 0.957188 -0.204684 -0.204684 0.957188 0.044895 0.108387 0.993095 -0.076718 0.076718 0.994097 -0.108496 -0.000000 0.994097 -0.076718 -0.076719 0.994097 0.000000 -0.108496 0.994097 0.076718 -0.076719 0.994097 0.108496 -0.000000 0.994097 0.076718 0.076718 0.994097 0.264821 0.639333 0.721888 -0.468815 0.468814 0.748616 -0.663004 -0.000000 0.748616 -0.468815 -0.468815 0.748616 0.000000 -0.663004 0.748616 0.468815 -0.468815 0.748616 0.663004 -0.000001 0.748616 0.468815 0.468814 0.748616 0.382684 0.923879 0.000000
				<Tangents>: -0.923879 0.382684 -0.000000 -0.992888 0.034461 -0.113952 -0.707107 -0.707107 0.000000 0.000000 -1.000000 0.000000 0.707107 -0.707107 -0.000000 1.000000 -0.000000 -0.000000 0.707107 0.707107 0.000000 0.000000 1.000000 0.000000 -0.707107 0.707107 -0.000000 -0.998992 0.004871 0.044630 -0.707107 -0.707107 -0.000000 0.000000 -1.000000 -0.000000 0.707107 -0.707107 -0.000000 1.000000 0.000000 -0.000000 0.707107 0.707107 0.000000 0.000000 1.000000 0.000000 -0.707107 0.707107 0.000000 -0.964298 0.175577 0.198249 -0.707107 -0.707107 -0.000000 0.000000 -1.000000 -0.000000 0.707107 -0.707107 0.000000 1.000000 0.000000 -0.000000 0.707107 0.707107 0.000000 0.000000 1.000000 0.000000 -0.707107 0.707107 0.000000 -0.923879 0.382684 0.000000
				<SubMeshes>: 1
					<SubMesh>: 0 144 0 1 2 0 2 3 0 3 4 0 4 5 0 5 6 0 6 7 0 7 8 0 8 1 9 2 1 2 9 10 2 11 3 11 2 10 11 4 3 4 11 12 4 13 5 13 4 12 13 6 5 6 13 14 6 15 7 15 6 14 15 8 7 8 15 16 8 9 1 9 8 16 9 18 10 18 9 17 11 18 19 18 11 10 11 20 12 20 11 19 13 20 21 20 13 12 13 22 14 22 13 21 15 22 23 22 15 14 15 24 16 24 15 23 9 24 17 24 9 16 25 18 17 25 19 18 25 20 19 25 21 20 25 22 21 25 23 22 25 24 23 25 17 24
			</Mesh>
			<Materials>: 1
				<Material>: 0
					<AmbientColor>: 0.588235 0.588235 0.588235 1.000000
					<DiffuseColor>: 0.588235 0.588235 0.588235 1.000000
					<EmissiveColor>: 0.000000 0.000000 0.000000 1.000000
					<ReflectionColor>: 0.000000 0.000000 0.000000 1.000000
					<SpecularColor>: 0.900000 0.900000 0.900000 1.000000
					<ReflectionFactor>: 1.000000
					<Shininess>: 2.000000
					<SpecularFactor>: 0.000000
					<Transparency>: 0.000000
					<DiffuseMap>: bullet
					<NormalMap>: Bullet_NormalsMap
					<SpecularFactorMap>: Bullet_SpecularMap
					<SpecularMap>: null
				</Material>
			<Children>: 0
		</Frame>
</Frame>
